0.7768494196
0.5733865176
0.8033097516
0.2845433165
0.1181692995
0.3974496958
0.5375526165
0.0421795033
0.1423106431
0.2703633894
0.6218973325
0.9575702367
0.7035157270
0.3808227968
0.7660875701
0.2291022577
0.5074725459
0.2630628591
0.2446479646
0.9568339143
0.7925734955
0.6138165070
0.2815511678
0.0408052133
0.2716249891
0.6823881093
0.3317574369
0.9663079901
0.4781335674
0.2745354713
0.5947567516
0.0042340718
0.1422435156
0.6817103383
0.7263216079
0.9049571966
0.9102859605
0.3348621189
0.2415152170
0.3138652186
0.9084215359
0.8333120669
0.3797535826
0.4321224982
0.6862746084
0.3711747922
0.0585747758
0.9051588305
0.4995308428
0.8246015484
0.5760301776
0.2162095561
0.5159079583
0.0090202957
0.4689064289
0.1045270537
0.3205351567
0.2444362151
0.8189167125
0.7672724976
0.8751196021
0.3140070960
0.7323477855
0.9616833511
0.8715954721
0.1704860862
0.3154642362
0.2941105370
0.7829485600
0.3929939652
0.9925242771
0.9282593361
0.6505251803
0.9994698594
0.1215682784
0.1320926820
0.8258869831
0.8225907254
0.5024242084
0.3029221611
0.8569880522
0.8079945904
0.0238925233
0.7479104567
0.1264051283
0.5459035809
0.5718716179
0.9365232119
0.4462353335
0.8547445901
0.7793031207
0.3693058650
0.4871947923
0.0837656397
0.3899139910
0.5783146352
0.5000394474
0.7999312682
0.0516288847
0.8649991533