-38.5748536
2.432525555
3.039074854
4.046325223
-7.496249251
-2.879919755
-15.42475029
-18.60666432
9.735639693
-14.60678911
-14.84345602
-16.23425238
-3.998477817
-8.641358955
-20.48427156
-26.78711905
2.868089362
-17.56518085
-2.748258545
-15.74691595
-5.763569926
-14.38575714
-16.20248087
-10.44177805
-10.99740819
-15.38507103
-5.003991981
-6.498524476
-9.755475136
-12.16113134
-9.843062783
9.769775084
-8.111154749
-17.6255459
-0.765304975
3.117361662
-14.91365257
-4.995636297
-21.46025866
-3.815738489
-10.45276911
-8.102035428
-9.385219183
-5.602277673
-11.17232541
-3.934254023
9.19256636
-2.962522429
-3.323884766
-2.73437665
-5.165138457
3.735105121
-3.837679463
9.062083522
-21.14297868
-17.94601833
-30.30817648
-24.98122098
-10.93650492
-5.483935482
-13.22397488
-5.256657941
14.42393409
-16.9850675
-18.54951675
-12.23788052
-11.23186405
-6.07241966
5.542874266
-12.40390642
-7.915286683
-3.326957666
-2.759322742
-5.442895106
1.735612226
-18.66836894
-14.35648924
-20.06528816
-12.401528
-13.18512363
-18.83655161
-4.936772384
1.808320838
-14.84545133
-19.90588995
1.640486084
5.08870118
-3.305257736
-10.60481796
2.208505001
-30.6510474
-5.943576113
-19.99982916
-3.012227759
2.058642615
-4.522109461