-42.19269974
-5.26360474
5.158714555
6.133005626
7.107296698
6.133005626
6.372446885
6.53758307
6.347678527
7.372446885
-6.173423872
-8.111154749
-10.45276911
-17.94601833
-18.66836894
-10.61944087
-24.17232541
-28.14297868
-17.94601833
-30.30817648
-24.98122098
-2.970605052
1.843109805
5.62565144
6.101635803
9.499354779
9.594445231
4.592215655
-2.351464625
-8.519800047
2.271158347
4.695536219
-6.117340992
9.36970719
-3.388427077
-0.130000517
2.0857247
2.621295493
8.789333603
1.055665473
-9.249732459
-8.38121661
3.098076577
-14.88519524
-2.956022277
-0.871997239
-12.2452035
8.267650201
-5.244103025
-6.271475095
1.482834337
-1.522581228
-0.917692567
16.41852803
-3.285382099
-0.220237883
1.088049478
12.22706772
4.259390969
7.31980924
8.110193619
-3.376939794
15.68929308
13.27159803
3.891324057
-4.404266987
1.410906984
-1.758781049
-0.043501958
0.636702421
8.05418535
7.975624689
-6.787451083
-5.034998753
0.193673409
-4.928540148
-2.635815017
-0.927474598
-1.895278337
-2.616574406
-0.514135847
0.160330695
-7.164146629
-4.32428222
-2.644065586
2.112673172
0.952928027
-16.87634657
-8.255160173
-2.382911941
9.398557263
-0.983030474
2.517246923
-3.305618507
5.717977803
-7.156165422