1;1556082978587;4096;707096;8.16054;0.49944500000000003;66.2889;1556083685879
2;1556083685879;4096;722572;9.702865;0.797448;66.317;1556084408632
3;1556084408632;4096;782937;9.744465;0.128205;66.3109;1556085191723
4;1556085191723;4096;781533;9.12162;0.727887;66.5267;1556085973393
5;1556085973393;4096;775445;9.614654999999999;0.0;66.2173;1556086748997
6;1556086748997;4096;775447;9.875175;1.38212;66.432;1556087524628
7;1556087524628;4096;725323;7.1815500000000005;0.248276;66.283;1556088250106
8;1556088250106;4096;733672;8.45903;3.28244;66.3028;1556088983911
9;1556088983911;4096;730646;7.040350000000001;1.5960800000000002;66.4429;1556089714871
10;1556089714871;4096;736677;9.67798;0.133333;66.2273;1556090451678
11;1556090451678;4096;823259;8.45903;2.34741;66.5509;1556091275079
12;1556091275079;4096;845744;9.810195;3.0194;66.3495;1556092120979
13;1556092120979;4096;828108;9.875175;1.23617;66.6016;1556092949254
14;1556092949254;4096;825789;9.43803;0.0991367;66.6639;1556093775278
15;1556093775278;4096;844269;8.212225;0.0;66.82;1556094619718
16;1556094619718;4096;788409;7.95979;0.0;66.3813;1556095408394
17;1556095408394;4096;763356;9.656979999999999;2.1961999999999997;66.6348;1556096171900
18;1556096171900;4096;735156;8.50765;4.0509;66.3787;1556096907196
19;1556096907196;4096;725014;7.124905000000001;2.50102;66.5495;1556097632336
20;1556097632336;4096;738883;7.828200000000001;0.0;66.1191;1556098371464
21;1556098371464;4096;724174;7.457315;0.0;66.2412;1556099095768
22;1556099095768;4096;726099;7.909135000000001;4.20015;66.2756;1556099821997
23;1556099821997;4096;741631;8.96005;0.346274;66.1324;1556100563801
24;1556100563801;4096;737011;9.00392;2.7271900000000002;66.4547;1556101300942
25;1556101300942;4096;714028;6.54212;1.05707;66.7024;1556102015100
26;1556102015100;4096;730616;9.635840000000002;2.7609600000000003;66.2719;1556102745984
27;1556102745984;4096;716861;9.304704999999998;2.76082;66.381;1556103463004
28;1556103463004;4096;706648;7.124905000000001;1.14103;66.0956;1556104169820
29;1556104169820;4096;683913;9.41602;2.28852;66.0417;1556104853897
30;1556104853897;4096;710890;9.810195;2.5331200000000003;66.3244;1556105564943
31;1556105564943;4096;741378;8.676015000000001;2.39016;66.5758;1556106306466
32;1556106306466;4096;749012;9.765155;2.53287;66.067;1556107055640
33;1556107055640;4096;803948;9.503454999999999;0.560634;66.4091;1556107859719
34;1556107859719;4096;858809;9.983244999999998;2.53965;66.0572;1556108718700
35;1556108718701;4096;868416;9.78968;0.7388399999999999;66.5651;1556109587243
36;1556109587243;4096;818613;6.925995;0.357447;66.5178;1556110406007
37;1556110406007;4096;776162;9.765155;3.8672400000000002;66.7879;1556111182318
38;1556111182318;4096;777326;9.810195;1.47891;66.3592;1556111959793
39;1556111959793;4096;766576;8.11215;2.69707;66.1266;1556112726527
40;1556112726527;4096;751621;9.67798;0.306385;66.383;1556113478308
41;1556113478308;4096;756620;9.744465;0.246502;66.3616;1556114235209
42;1556114235209;4096;771433;9.236740000000001;1.27049;66.4558;1556115006773
43;1556115006773;4096;745616;9.57202;0.244444;66.1233;1556115752637
44;1556115752637;4096;745975;8.936005;0.0;65.8659;1556116498742
45;1556116498742;4096;779948;9.614654999999999;0.111111;66.3785;1556117278856
46;1556117278856;4096;752851;7.350719999999999;0.0;66.2071;1556118031849
47;1556118031849;4096;763178;9.593385;0.0;66.2167;1556118795180
48;1556118795180;4096;768456;8.747544999999999;0.0;66.2737;1556119563870
49;1556119563870;4096;756605;9.830615;4.73574;66.1455;1556120320644
50;1556120320644;4096;723777;9.144815000000001;0.379867;66.0562;1556121044680
51;1556121044680;4096;768681;7.237425;0.363492;66.5494;1556121813489
52;1556121813489;4096;769176;7.776045;0.0;65.8769;1556122582795
53;1556122582795;4096;841491;9.503454999999999;0.559206;66.4447;1556123424421
54;1556123424422;4096;870395;9.983244999999998;4.55358;66.4891;1556124294966
55;1556124294966;4096;866394;9.810195;0.37071;66.6797;1556125161519
56;1556125161522;4096;795033;9.78968;4.52064;66.426;1556125956739
57;1556125956739;4096;788911;8.70127;0.411111;66.1835;1556126745899
58;1556126745899;4096;771178;8.286845;0.858408;66.3018;1556127517229
59;1556127517229;4096;765793;6.199465;0.128205;66.139;1556128283274
60;1556128283274;4096;772763;8.43646;1.25071;66.164;1556129056182
61;1556129056182;4096;770567;8.263395;1.39654;66.0453;1556129826918
62;1556129826918;4096;772248;9.546645000000002;0.46236999999999995;66.1337;1556130599296
63;1556130599296;4096;779587;9.744465;0.138889;66.3278;1556131379155
64;1556131379155;4096;777227;9.78968;0.25641;66.3685;1556132156503
65;1556132156503;4096;771805;8.983995;2.13133;66.3251;1556132928433
66;1556132928433;4096;787382;9.656979999999999;1.91747;66.2406;1556133715992
67;1556133715992;4096;794820;9.854930000000001;0.510731;66.2957;1556134510944
68;1556134510944;4096;795476;8.188375;0.0;66.4866;1556135306567
69;1556135306567;4096;865164;9.959404999999999;0.6777029999999999;66.5598;1556136171993
70;1556136171993;4096;905484;9.78968;0.41714999999999997;66.6808;1556137077636
71;1556137077636;4096;918348;9.875175;0.49078000000000005;66.9247;1556137996241
72;1556137996241;4096;873183;9.702865;0.144928;66.8807;1556138869551
73;1556138869551;4096;905963;9.78968;0.15229900000000002;66.8502;1556139775659
74;1556139775659;4096;874523;9.41602;0.128205;66.6976;1556140650316
75;1556140650316;4096;812561;8.86712;1.17006;66.5662;1556141463134
76;1556141463134;4096;773035;8.629055;0.138889;66.1344;1556142236323
77;1556142236323;4096;794797;9.593385;3.71988;66.391;1556143031256
78;1556143031256;4096;774204;9.074835;0.0416667;66.4373;1556143805608
79;1556143805608;4096;781706;8.65453;0.266667;66.187;1556144587599
80;1556144587599;4096;782160;9.027655;0.0;66.4426;1556145369935
81;1556145369935;4096;777655;9.983244999999998;2.23573;66.1253;1556146147728
82;1556146147728;4096;777407;7.124905000000001;0.0;66.2124;1556146925290
83;1556146925290;4096;751874;8.676015000000001;0.133333;66.218;1556147677443
84;1556147677443;4096;767061;7.883579999999999;0.038461499999999996;65.981;1556148444629
85;1556148444629;4096;783139;9.43803;0.7672990000000001;66.1962;1556149227908
86;1556149227908;4096;837483;8.286845;0.0;66.4951;1556150065530
87;1556150065530;4096;792384;9.051295000000001;2.67575;66.1916;1556150858075
88;1556150858075;4096;872942;8.65453;0.9815809999999999;66.6817;1556151731203
89;1556151731203;4096;860514;9.78968;1.51749;66.4298;1556152591846
90;1556152591846;4096;828548;8.936005;0.119048;66.6727;1556153420539
91;1556153420540;4096;848834;9.21393;0.68237;66.0913;1556154269506
92;1556154269506;4096;796552;9.702865;0.133333;66.3607;1556155066187
93;1556155066187;4096;797669;7.51337;0.0;66.1913;1556155864139
94;1556155864139;4096;784599;8.063205000000002;1.20137;66.0488;1556156648869
95;1556156648869;4096;776619;7.266975;1.17322;66.2503;1556157425745
96;1556157425745;4096;774824;9.895380000000001;4.578;65.9638;1556158200745
97;1556158200745;4096;831670;9.656979999999999;0.338074;66.4356;1556159032549
98;1556159032549;4096;769431;8.81806;0.30970400000000003;66.2282;1556159802169
99;1556159802169;4096;849368;9.525095;0.904558;66.504;1556160651684
100;1556160651684;4096;872003;9.546645000000002;0.133333;66.4545;1556161523811
101;1556161523811;4096;873176;9.702865;0.133333;66.86;1556162397163
102;1556162397163;4096;847497;9.919435;0.133333;66.6209;1556163244844
103;1556163244844;4096;830720;9.854930000000001;0.055555600000000004;66.686;1556164075687
104;1556164075687;4096;766591;9.503454999999999;0.128205;66.3389;1556164842410
105;1556164842410;4096;760499;9.074835;2.08697;66.2925;1556165603063
106;1556165603063;4096;768233;9.656979999999999;0.0;66.0117;1556166371453
107;1556166371453;4096;763122;8.3871;0.63112;66.2233;1556167134706
108;1556167134706;4096;758663;9.503454999999999;0.5571440000000001;66.2529;1556167893520
109;1556167893520;4096;774832;7.828200000000001;0.12597;66.1954;1556168668497
110;1556168668497;4096;776997;9.983244999999998;0.389744;66.3287;1556169445645
111;1556169445645;4096;782975;9.144815000000001;0.738546;66.3667;1556170228912
112;1556170228912;4096;763611;8.797260000000001;2.31217;66.2432;1556170992661
113;1556170992662;4096;778879;9.93946;0.21296299999999999;66.6813;1556171771682
114;1556171771682;4096;825679;9.635840000000002;4.98321;66.7483;1556172597528
115;1556172597528;4096;813204;9.93946;0.26875;66.6329;1556173410865
116;1556173410865;4096;863788;9.43803;0.0769231;66.6492;1556174274780
117;1556174274780;4096;808599;9.983244999999998;0.544057;66.2722;1556175083630
118;1556175083631;4096;847424;9.67798;3.83525;66.5243;1556175931206
119;1556175931206;4096;788492;8.409910000000002;0.771517;65.9858;1556176719986
120;1556176719986;4096;771854;7.321725000000001;0.353038;66.3244;1556177491977
121;1556177491977;4096;754234;8.13641;3.06101;66.5823;1556178246335
122;1556178246335;4096;795238;8.842645;4.5911800000000005;66.4013;1556179041703
123;1556179041703;4096;766587;9.702865;0.47086000000000006;66.4231;1556179808422
124;1556179808422;4096;755235;9.027655;1.73478;66.2506;1556180563785
125;1556180563785;4096;782315;8.45903;2.84739;66.0922;1556181346349
126;1556181346350;4096;753781;9.236740000000001;0.589794;66.2622;1556182100302
127;1556182100302;4096;700112;7.2925450000000005;0.0430108;66.1911;1556182800669
128;1556182800669;4096;704443;7.457315;3.68557;65.8263;1556183505288
129;1556183505288;4096;784716;9.67798;0.0;66.356;1556184290254
130;1556184290254;4096;791686;7.211480000000001;0.138889;66.0134;1556185082124
131;1556185082124;4096;796093;9.656979999999999;4.14645;66.2505;1556185878544
132;1556185878544;4096;795991;6.296525;0.25987;66.5312;1556186674711
133;1556186674711;4096;777447;9.144815000000001;0.161918;66.7486;1556187452548
134;1556187452548;4096;774271;9.830615;0.242504;66.0565;1556188226969
135;1556188226969;4096;794133;8.70127;0.719237;66.1435;1556189021397
136;1556189021397;4096;791641;9.810195;0.138889;66.459;1556189813174
137;1556189813174;4096;794944;8.81806;2.15458;66.3535;1556190608487
138;1556190608487;4096;836143;9.635840000000002;0.49993800000000005;66.4614;1556191444760
139;1556191444761;4096;866329;8.86712;0.133333;66.603;1556192311216
140;1556192311216;4096;882822;9.371765;2.0986700000000003;66.8236;1556193194172
141;1556193194172;4096;884123;9.12162;0.632248;67.0504;1556194078651
142;1556194078651;4096;852437;9.830615;0.342474;66.2176;1556194931252
143;1556194931252;4096;881397;9.744465;1.9566900000000003;66.6529;1556195812785
144;1556195812785;4096;862925;8.3871;0.444531;66.3484;1556196675881
145;1556196675882;4096;834228;8.009865;0.0754986;66.4898;1556197510243
146;1556197510243;4096;829751;8.581620000000001;4.01257;66.6971;1556198340144
147;1556198340144;4096;798888;9.41602;0.0;66.3888;1556199139319
148;1556199139319;4096;845192;9.459950000000001;0.128205;66.4919;1556199984649
149;1556199984649;4096;776188;9.744465;1.4465000000000001;66.4045;1556200761002
150;1556200761002;4096;768196;9.959404999999999;0.445163;66.1956;1556201529410
151;1556201529410;4096;787243;7.375735;0.0;66.365;1556202316916
152;1556202316916;4096;795215;8.70127;2.0659199999999998;66.3527;1556203112273
153;1556203112273;4096;787881;9.00392;2.90769;66.123;1556203900297
154;1556203900297;4096;859119;9.459950000000001;0.128205;66.5314;1556204759608
155;1556204759608;4096;858927;9.875175;0.0;66.6261;1556205618821
156;1556205618821;4096;870101;9.656979999999999;0.39402;66.7314;1556206489112
157;1556206489112;4096;831063;9.983244999999998;0.694798;66.4172;1556207320355
158;1556207320355;4096;798850;9.635840000000002;0.311728;66.4327;1556208119378
159;1556208119378;4096;778066;8.3871;0.15781599999999998;66.3215;1556208897602
160;1556208897602;4096;774204;9.723685;0.487221;66.1617;1556209672007
161;1556209672007;4096;775949;7.485425000000001;0.9714189999999999;66.3036;1556210448080
162;1556210448080;4096;775631;7.883579999999999;0.0;66.3714;1556211223851
163;1556211223851;4096;781020;7.124905000000001;0.123457;66.1626;1556212005218
164;1556212005218;4096;794873;8.3871;0.692884;66.4652;1556212800258
165;1556212800258;4096;798507;7.9345300000000005;0.820091;66.4543;1556213598906
166;1556213598906;4096;870133;8.86712;0.8222749999999999;66.7389;1556214469204
167;1556214469204;4096;869948;8.936005;0.128205;66.5051;1556215339347
168;1556215339347;4096;870393;9.67798;0.0;66.7878;1556216209900
169;1556216209900;4096;804461;8.72252;3.1092;66.3615;1556217014508
170;1556217014508;4096;797804;8.983995;4.189240000000001;66.1775;1556217812459
171;1556217812459;4096;776532;8.86712;0.123457;66.1494;1556218589301
172;1556218589301;4096;772469;9.656979999999999;0.46610999999999997;66.2047;1556219361919
173;1556219361919;4096;743806;7.984895;0.166667;66.2726;1556220105854
174;1556220105854;4096;773589;7.1815500000000005;0.0;66.1542;1556220879568
175;1556220879568;4096;778649;9.919435;3.1838900000000003;66.1999;1556221658397
176;1556221658397;4096;791806;9.57202;0.107527;66.3363;1556222450329
177;1556222450329;4096;786116;8.33723;1.0259;66.1494;1556223236719
178;1556223236719;4096;792161;9.393965;1.06385;66.0368;1556224029038
179;1556224029038;4096;793055;9.895380000000001;1.3352;66.1942;1556224822347
180;1556224822347;4096;797494;9.459950000000001;1.7864399999999998;66.4161;1556225619992
181;1556225619992;4096;784372;6.985479999999999;0.310641;65.8335;1556226404487
182;1556226404487;4096;797573;9.854930000000001;1.20914;66.2059;1556227202232
183;1556227202232;4096;804426;9.854930000000001;0.119048;66.1026;1556228006805
184;1556228006805;4096;818411;8.842645;3.05088;66.3104;1556228825375
185;1556228825375;4096;801765;9.723685;1.9226699999999999;66.3179;1556229627305
186;1556229627305;4096;822491;9.93946;0.0434783;66.5716;1556230449934
187;1556230449934;4096;802908;9.702865;0.881167;66.2924;1556231253128
188;1556231253128;4096;799371;6.812;0.128205;66.3589;1556232052666
189;1556232052666;4096;746531;5.5328100000000004;0.128205;66.168;1556232799349
190;1556232799349;4096;785998;8.81806;0.128205;66.0346;1556233585512
191;1556233585512;4096;801743;9.93946;0.286935;66.3349;1556234387518
192;1556234387518;4096;814484;9.327135;1.4253200000000001;66.1057;1556235202171
193;1556235202171;4096;799255;9.919435;0.0;66.3189;1556236001671
194;1556236001671;4096;798509;9.393965;2.93345;66.2607;1556236800375
195;1556236800375;4096;815456;9.983244999999998;1.51648;66.5063;1556237616089
196;1556237616089;4096;791535;7.155220000000001;0.194885;66.145;1556238407794
197;1556238407795;4096;794030;9.656979999999999;0.363937;66.1295;1556239201968
198;1556239201968;4096;784718;9.481725;0.644657;66.1724;1556239986829
199;1556239986829;4096;778666;9.12162;4.77566;66.1747;1556240765743
200;1556240765743;4096;775068;9.93946;2.3974100000000003;66.1918;1556241540937
201;1556241540937;4096;752180;8.581620000000001;0.168205;66.0083;1556242293280
202;1556242293280;4096;777392;8.08775;1.04311;66.3203;1556243070817
203;1556243070817;4096;663548;7.883579999999999;0.580868;65.8979;1556243734491
204;1556243734491;4096;781752;8.53372;0.614188;66.027;1556244516376
205;1556244516376;4096;785243;9.00392;1.1873;66.2305;1556245301900
206;1556245301900;4096;794846;7.541139999999999;0.133333;66.1248;1556246096920
207;1556246096920;4096;806908;9.57202;0.448149;66.4136;1556246903962
208;1556246903962;4096;834642;9.393965;0.46614200000000006;66.259;1556247738737
209;1556247738737;4096;771090;9.12162;0.8210820000000001;66.5055;1556248509960
210;1556248509960;4096;798732;8.676015000000001;0.133333;66.4069;1556249308828
211;1556249308828;4096;784628;8.772454999999999;1.9333699999999998;66.2502;1556250093594
212;1556250093594;4096;815967;8.842645;0.14879699999999998;66.5649;1556250909710
213;1556250909710;4096;813129;9.656979999999999;0.918947;66.3279;1556251722995
214;1556251722996;4096;816779;9.167965;0.640139;66.6141;1556252539947
215;1556252539947;4096;804691;7.883579999999999;0.0357143;66.2999;1556253344794
216;1556253344794;4096;786904;9.304704999999998;0.230159;66.3686;1556254131879
217;1556254131879;4096;770409;8.485335;2.58065;66.6616;1556254902568
218;1556254902568;4096;781555;8.72252;0.174603;66.1778;1556255684266
219;1556255684266;4096;780848;9.098275000000001;0.374887;66.2432;1556256465337
220;1556256465337;4096;793210;6.78294;1.54997;66.6757;1556257258697
221;1556257258697;4096;801357;8.009865;1.62929;66.2899;1556258060201
222;1556258060201;4096;781758;8.629055;2.79757;66.4037;1556258842221
223;1556258842221;4096;870308;9.459950000000001;2.37731;67.2088;1556259712664
224;1556259712664;4096;814334;9.93946;2.7168;66.1542;1556260527271
225;1556260527272;4096;802534;9.854930000000001;2.6582000000000003;66.1631;1556261329946
226;1556261329946;4096;809093;7.237425;3.88452;66.2697;1556262139191
227;1556262139191;4096;801244;9.895380000000001;3.7252599999999996;66.5482;1556262940572
228;1556262940572;4096;804445;9.43803;2.7215;66.3081;1556263745158
229;1556263745158;4096;784495;9.959404999999999;1.48529;66.3483;1556264529778
230;1556264529778;4096;782313;9.051295000000001;0.477072;66.4951;1556265312380
231;1556265312380;4096;799058;8.772454999999999;1.6770899999999997;66.5348;1556266111602
232;1556266111602;4096;803323;8.72252;2.6314;66.3035;1556266915053
233;1556266915053;4096;796286;9.525095;0.74431;66.2958;1556267711485
234;1556267711486;4096;797815;9.875175;4.73147;66.1353;1556268509448
235;1556268509448;4096;842854;7.2925450000000005;0.138889;66.3707;1556269352448
236;1556269352448;4096;893797;9.765155;0.133333;66.8687;1556270246519
237;1556270246519;4096;876372;9.67798;0.0;66.6772;1556271123053
238;1556271123053;4096;805863;9.919435;1.6597600000000001;66.4708;1556271929185
239;1556271929185;4096;874310;9.656979999999999;0.644382;66.7504;1556272803671
240;1556272803671;4096;819401;8.263395;0.0;66.5629;1556273623328
241;1556273623328;4096;820315;9.00392;0.17366;66.3387;1556274443806
242;1556274443806;4096;813982;9.43803;1.38765;66.0244;1556275258018
243;1556275258018;4096;820918;8.936005;0.119048;66.4816;1556276079090
244;1556276079090;4096;799830;8.81806;1.26524;65.9024;1556276879187
245;1556276879187;4096;787333;9.051295000000001;1.1617499999999998;66.2519;1556277666680
246;1556277666680;4096;754619;7.592365000000001;1.30124;66.1244;1556278421433
247;1556278421433;4096;799944;9.12162;0.27106199999999997;66.0966;1556279221541
248;1556279221541;4096;801319;7.266975;0.038461499999999996;66.3631;1556280022989
249;1556280022989;4096;805846;9.875175;0.580484;66.336;1556280829004
250;1556280829004;4096;804778;8.797260000000001;1.58043;66.2319;1556281633907
251;1556281633907;4096;851102;9.67798;0.0;66.6198;1556282485134
252;1556282485134;4096;851564;9.830615;0.161301;66.6294;1556283336936
253;1556283336936;4096;850477;7.673685;0.160494;66.35;1556284187545
254;1556284187545;4096;803032;8.842645;0.133333;66.3132;1556284990841
255;1556284990841;4096;820124;7.237425;0.151515;66.3426;1556285811122
256;1556285811122;4096;800570;9.919435;3.7696;66.4766;1556286611953
257;1556286611954;4096;794483;9.593385;1.19524;66.1262;1556287406562
258;1556287406562;4096;806687;8.43646;0.40022599999999997;66.4006;1556288213379
259;1556288213379;4096;865732;9.236740000000001;2.1287000000000003;66.5558;1556289079275
260;1556289079275;4096;889326;9.282129999999999;0.144928;66.6286;1556289968728
261;1556289968729;4096;878191;8.81806;1.33027;66.3489;1556290847078
262;1556290847078;4096;890135;9.167965;0.123457;66.5679;1556291737475
263;1556291737475;4096;877956;9.702865;0.9028660000000001;66.6763;1556292615613
264;1556292615613;4096;814590;8.60346;0.953732;66.338;1556293430510
265;1556293430510;4096;818992;9.656979999999999;0.740909;66.486;1556294249640
266;1556294249640;4096;867262;9.93946;0.272222;66.3153;1556295117166
267;1556295117166;4096;804404;9.983244999999998;3.9229;66.4866;1556295921740
268;1556295921740;4096;806322;9.051295000000001;1.19202;66.261;1556296728222
269;1556296728222;4096;862529;9.393965;0.379867;66.3256;1556297590922
270;1556297590923;4096;818427;8.842645;0.0344828;66.1801;1556298409501
271;1556298409501;4096;850361;9.744465;0.5337609999999999;66.4728;1556299260013
272;1556299260013;4096;843299;8.96005;0.247253;66.3609;1556300103609
273;1556300103609;4096;876031;9.744465;0.0416667;66.3703;1556300979794
274;1556300979794;4096;849436;9.744465;0.20820499999999997;66.5404;1556301829391
275;1556301829391;4096;862150;8.747544999999999;0.36596100000000004;66.658;1556302691716
276;1556302691716;4096;819547;9.810195;0.632628;66.4199;1556303511386
277;1556303511386;4096;871140;9.144815000000001;3.1398099999999998;66.4581;1556304382725
278;1556304382726;4096;819897;9.895380000000001;0.251662;66.6379;1556305202926
279;1556305202926;4096;802644;9.098275000000001;1.6724599999999998;66.1137;1556306005725
280;1556306005725;4096;798425;8.70127;0.9010330000000001;66.0789;1556306804402
281;1556306804402;4096;798979;9.830615;0.183389;66.0336;1556307603546
282;1556307603546;4096;786013;9.459950000000001;0.8535839999999999;66.0377;1556308389817
283;1556308389817;4096;802272;9.875175;0.128205;66.3251;1556309192242
284;1556309192242;4096;805515;9.236740000000001;1.77522;66.1992;1556309998051
285;1556309998051;4096;809337;9.282129999999999;0.248276;66.2045;1556310807547
286;1556310807547;4096;797439;8.034685;0.701877;66.3023;1556311605284
287;1556311605285;4096;805454;9.098275000000001;0.0;66.4311;1556312410864
288;1556312410864;4096;801857;9.481725;0.133333;66.2729;1556313212890
289;1556313212890;4096;794799;9.765155;4.02541;66.4181;1556314007834
290;1556314007834;4096;784674;9.78968;0.9202520000000001;66.1407;1556314792646
291;1556314792646;4096;791487;7.95979;0.128205;66.2783;1556315584290
292;1556315584290;4096;783395;9.983244999999998;0.355829;66.1228;1556316367950
293;1556316367950;4096;794437;8.555795;0.374813;66.2887;1556317162513
294;1556317162513;4096;735244;9.635840000000002;0.12071799999999999;66.1159;1556317897920
295;1556317897920;4096;774396;8.3871;1.0117900000000002;66.4505;1556318672490
296;1556318672490;4096;777627;9.93946;0.348387;65.9622;1556319450249
297;1556319450249;4096;778776;9.614654999999999;0.0533333;66.4307;1556320229173
298;1556320229173;4096;802867;8.936005;1.24052;66.4771;1556321032280
299;1556321032280;4096;843777;9.57202;3.11605;66.1634;1556321876198
300;1556321876198;4096;793733;9.349525;1.3278999999999999;66.1736;1556322670167